<?xml version="1.0" encoding="UTF-8" standalone="no"?>
<svg
   id="Layer_1"
   data-name="Layer 1"
   viewBox="0 0 614.6333 883.72705"
   version="1.1"
   width="614.6333"
   height="883.72705"
   xmlns="http://www.w3.org/2000/svg"
   xmlns:svg="http://www.w3.org/2000/svg">
  <defs
     id="defs1" />
  <g
     id="layer1"
     transform="translate(-125.0924,9.9231146)">
    <path
       id="path1-2"
       d="m 426.42187,-9.8691406 c -2.934,0.1932864 -6.00538,1.0212397 -8.87304,2.4550781 a 9.9192648,9.9192648 0 0 0 -0.008,0.00391 c -8.34982,4.1847057 -17.19446,8.28656499 -25.95508,13.4511718 a 9.9192648,9.9192648 0 0 0 -0.0117,0.00781 c -3.09411,1.8298456 -4.82277,2.4461118 -6.72266,2.4121094 a 9.9192648,9.9192648 0 0 0 -0.0293,-0.00195 c -2.49408,-0.037449 -5.4334,0.1295647 -8.78711,1.4960937 -3.35372,1.3665289 -7.22519,4.5957809 -8.87696,8.9960939 a 9.9192648,9.9192648 0 0 0 -0.008,0.01758 c -0.66367,1.778144 -1.38716,1.834775 -6.51172,4.177734 a 9.9192648,9.9192648 0 0 0 -0.004,0.002 c -25.4606,11.655563 -50.75161,24.396052 -74.3125,40.90625 -7.63168,5.347439 -13.88341,9.9753 -16.13477,18.316407 -2.25136,8.341106 0.75869,15.439073 4.54492,23.992186 v -0.004 c 6.02277,13.61574 13.89236,25.66149 21.73438,37.17187 a 9.9192648,9.9192648 0 0 0 0.002,0.004 c 11.50836,16.8796 24.43823,32.16564 36.95508,47.31445 -5.60828,-0.60967 -11.41174,-1.54693 -17.56836,-2.41406 a 9.9192648,9.9192648 0 0 0 -0.01,0 c -9.50006,-1.32731 -19.46325,0.13166 -28.23633,5.32812 a 9.9192648,9.9192648 0 0 0 5.46094,18.44336 c 3.16513,-0.12948 5.78778,-0.66526 7.90235,-1.06055 6.11,-1.13985 13.23952,0.61628 21.97265,1.99414 -3.40209,9.43955 -6.75314,18.01339 -12.62304,24.10157 h 0.002 c -6.32496,6.55735 -12.3225,12.93459 -18.62305,18.55273 l 0.0254,-0.0215 c -0.2542,0.2252 -1.47425,1.03342 -3.11328,2.88867 -1.63903,1.85525 -3.50971,5.30156 -3.71289,8.92969 A 9.9192648,9.9192648 0 0 0 299.5,276.50781 c -2.32063,3.2795 -4.63224,6.51401 -6.98242,9.96094 a 9.9192648,9.9192648 0 0 0 -0.006,0.0117 c -3.6301,5.33838 -7.09842,11.64979 -8.55274,19.30469 a 9.9192648,9.9192648 0 0 0 10.2793,11.12304 c -0.34514,2.56816 -0.65887,5.1539 -0.69336,7.88282 a 9.9192648,9.9192648 0 0 0 14.4375,8.81445 c 0.77532,7.43507 3.76828,14.49472 8.7168,20.09765 a 9.9192648,9.9192648 0 0 0 0.0508,0.0566 c -0.30969,-0.34529 0.22991,0.61265 2.05078,2.27539 1.82087,1.66273 6.8527,3.9045 11.03125,2.82617 a 9.9192648,9.9192648 0 0 0 0.01,-0.002 c 0.33815,-0.0877 0.65272,-0.33529 0.98632,-0.47265 0.82429,0.97849 1.6143,2.02598 2.49024,2.88086 -0.15359,-0.15022 0.46614,1.10798 3.45898,2.88672 1.13689,0.67569 3.07279,1.55 5.51758,1.60156 -0.0134,1.25901 -0.16746,2.38881 -0.0566,3.74805 0.99999,12.28917 -0.75695,23.98025 -5.19141,35.70312 h 0.002 c -0.84504,2.23311 -1.57301,4.23172 -2.00586,6.7168 -0.43285,2.48507 -0.45978,5.9381 1.0625,9.14453 1.20379,2.53557 2.7354,4.12867 4.36328,5.40234 -0.5642,0.92787 -1.09046,2.04086 -1.5957,3.21875 -0.19978,-0.01 -0.22291,0.0106 -0.49805,-0.0215 h -0.01 c -7.05247,-0.83617 -14.76672,0.8729 -19.44531,6.79297 -4.13823,5.23632 -4.38942,11.97389 -2.73047,18.04687 -9.81195,0.98602 -19.0367,6.90029 -23.22656,16.06641 a 9.9192648,9.9192648 0 0 0 -0.004,0.008 c -3.33394,7.31186 -8.93958,13.94637 -15.16601,21.66797 a 9.9192648,9.9192648 0 0 0 -0.004,0.004 c -5.45962,6.77746 -10.46108,13.78644 -15.24219,20.75 -21.11019,30.73351 -39.95808,62.92938 -55.10156,97.35937 -2.19596,4.99082 -4.40879,8.15169 -8.27539,10.8418 a 9.9192648,9.9192648 0 0 0 0,0.002 c -12.53744,8.72299 -16.59015,24.88026 -11.69922,38.74024 a 9.9192648,9.9192648 0 0 0 0.01,0.0254 c 0.88916,2.4981 0.643,1.69221 0.70703,1.54687 -5.44799,12.36481 -7.23354,24.36286 -10.74023,34.22266 h 0.002 c -2.81774,7.92136 -2.46826,17.28976 1.84375,25.15429 -0.5375,0.98207 -1.18526,2.03699 -1.4043,2.76368 -0.68335,2.26707 -0.75405,3.67464 -0.81836,4.03515 a 9.9192648,9.9192648 0 0 0 -0.004,0.0176 c -0.71208,4.03191 -1.43047,6.87717 -2.56641,8.82227 a 9.9192648,9.9192648 0 0 0 -0.008,0.0137 c -0.42862,0.73655 -1.57002,2.22715 -2.35547,5.24804 -0.59668,2.29487 -0.35721,5.86896 0.89453,8.87696 -2.10988,0.94488 -4.08734,2.31519 -5.51758,4.23633 -2.99709,4.02577 -3.11481,8.08403 -2.96875,11.19726 5e-5,0.001 -5e-5,9.2e-4 0,0.002 6e-5,0.001 -5e-5,0.003 0,0.004 0.0617,1.31838 0.13453,1.80983 0.20703,2.48438 -5.92073,7.65882 -7.75927,15.43182 -10.15429,19.79882 a 9.9192648,9.9192648 0 0 0 -0.004,0.004 c -5.06627,9.24689 -10.97332,18.28043 -17.60156,26.59961 -5.95743,7.46488 -9.89801,16.27337 -11.46485,25.79492 a 9.9192648,9.9192648 0 0 0 0,0.002 c -0.72879,4.43295 -0.69129,9.28563 1.28321,13.83399 1.97351,4.54609 5.58332,7.97011 9.47656,10.43945 0.001,8e-4 0.003,0.001 0.004,0.002 7.6e-4,4.8e-4 0.001,0.001 0.002,0.002 7.12729,4.52501 14.89935,6.89476 22.5,8.01562 16.9734,2.50872 35.61903,-1.21854 47.68359,-17.18164 a 9.9192648,9.9192648 0 0 0 0.004,-0.006 c 2.87138,-3.80487 6.38611,-10.31982 5.17578,-17.85937 10.70621,-6.8888 19.52474,-15.54572 27.24805,-24.79102 l 0.006,-0.008 c 1.13915,-1.3543 2.75298,-3.20244 4.07421,-6.1582 1.32328,-2.96032 2.02458,-7.50645 0.66993,-11.6211 a 9.9192648,9.9192648 0 0 0 -0.002,-0.01 c -2.31574,-7.00838 -4.76988,-14.28576 -7.55468,-21.58399 4.06098,-1.97958 7.60905,-4.87722 9.53711,-9.43945 1.99401,-4.71831 1.41148,-9.55892 -0.30274,-13.99805 3.5291,-1.7178 7.56786,-4.36823 10.4082,-9.68164 a 9.9192648,9.9192648 0 0 0 0.006,-0.01 c 6.68663,-12.54093 16.88243,-26.32941 18.95118,-45.13477 0.0199,-0.008 0.0131,0.0142 0.18554,-0.17969 1.97021,-2.20786 4.18403,-4.50133 6.47656,-7.0039 4.94467,-5.38634 9.59022,-13.89804 8.43555,-23.26172 14.74227,-12.20888 27.37088,-25.61376 40.76367,-36.9707 a 9.9192648,9.9192648 0 0 0 0.002,0 c 24.02413,-20.37868 48.68921,-40.49795 72.02343,-62.60352 a 9.9192648,9.9192648 0 0 0 0.004,-0.004 c 8.16135,-7.73778 15.60826,-15.60632 23.28516,-22.60546 l 0.002,-0.002 c 10.66898,-9.71842 24.2757,-9.19873 33.99805,0.97461 12.01806,12.58428 23.89768,25.47269 36.14648,38.19531 11.67283,12.13675 21.38189,25.80947 29.81641,40.67579 l -0.01,-0.0195 c 0.14624,0.25906 0.0407,0.0493 0.14063,0.23438 -4.56106,16.6388 0.52287,32.33096 7.86328,44.90234 3.99235,6.83986 6.84217,12.0827 7.64453,17.69922 a 9.9192648,9.9192648 0 0 0 0.004,0.0273 c 0.4588,3.14834 1.4089,5.97122 2.57226,8.51953 a 9.9192648,9.9192648 0 0 0 0.006,0.0117 c 0.5633,1.22931 0.66743,0.0831 -0.30664,1.94921 a 9.9192648,9.9192648 0 0 0 -0.008,0.0137 c -2.59213,4.98529 -5.07974,10.26652 -3.34375,16.82617 1.73598,6.55965 6.42948,9.84031 10.95312,12.87109 a 9.9192648,9.9192648 0 0 0 0.0195,0.0117 c 0.22449,0.14966 0.4079,0.34731 0.62891,0.50586 -1.22888,4.92173 -0.38251,9.94094 1.31055,14.01758 -1.36081,0.40534 -2.71109,0.94763 -4.00977,1.79297 -5.69826,3.7091 -7.48773,9.87196 -7.99414,15.39453 a 9.9192648,9.9192648 0 0 0 0,0.002 c -0.50845,5.55662 -0.1814,10.98287 0.6543,16.20313 a 9.9192648,9.9192648 0 0 0 0,0.006 c 2.43219,15.12889 6.91948,28.88102 9.57812,42.12695 0.96771,4.82501 3.04847,9.74865 7.02735,13.28906 3.97836,3.53996 8.95561,5.00172 13.73242,5.53711 6.57343,0.7371 12.60293,0.31072 18.0332,-0.0293 a 9.9192648,9.9192648 0 0 0 0.008,0 c 3.47093,-0.22014 5.27863,0.2849 6.36133,1.13477 a 9.9192648,9.9192648 0 0 0 0.008,0.006 c 11.08834,8.68393 24.22733,10.21224 36.00196,9.11719 a 9.9192648,9.9192648 0 0 0 0.002,0 c 10.76692,-1.00281 22.22846,-2.96105 33.14648,-8.78321 a 9.9192648,9.9192648 0 0 0 0.0117,-0.006 c 6.86772,-3.67222 14.58858,-11.30811 14.84766,-21.91406 a 9.9192648,9.9192648 0 0 0 0,-0.006 c 0.16042,-6.72525 -1.06824,-13.35221 -4.90625,-18.80664 -3.83801,-5.45443 -9.66367,-8.85054 -16.05469,-10.97266 h 0.004 c -2.95216,-0.98128 -5.69542,-2.46428 -8.37891,-4.15234 a 9.9192648,9.9192648 0 0 0 1.58203,-6.5293 c -0.314,-2.70395 -1.84273,-5.76527 -3.55273,-7.49414 -1.71001,-1.72887 -3.1165,-2.34661 -3.35547,-2.48437 a 9.9192648,9.9192648 0 0 0 -0.0391,-0.0234 c -7.84883,-4.47734 -13.23232,-9.02038 -16.16406,-15.93555 l 0.0176,0.0371 c -1.26918,-3.02873 -2.90501,-5.23537 -6.02734,-7.24023 l 0.0117,0.008 c -2.59709,-1.67297 -4.38895,-4.52194 -6.13477,-8.04883 0.8346,-0.4893 1.65521,-0.8658 2.50782,-1.5332 3.06413,-2.39855 6.68015,-7.40564 6.10546,-13.32812 a 9.9192648,9.9192648 0 0 0 0,-0.0137 c -0.10747,-1.09242 -0.24269,-0.30609 0.20899,-0.90625 0.45168,-0.60016 2.0658,-1.99484 4.43945,-4.30468 a 9.9192648,9.9192648 0 0 0 0.004,-0.004 c 8.80699,-8.58117 11.52285,-21.81465 7.125,-33.07422 -0.56156,-1.45349 -1.22331,-4.34475 -3.54688,-7.89844 l 0.008,0.0117 c -1.06372,-1.63205 -1.00186,-0.9064 0.18359,-4.11328 5.40243,-14.60921 4.09048,-30.93346 -5.81836,-44.17969 l -0.002,-0.002 c -2.55366,-3.41531 -4.51977,-7.85666 -6.56836,-13.08008 a 9.9192648,9.9192648 0 0 0 -0.002,-0.002 c -4.75312,-12.11468 -10.3377,-24.31293 -18.2207,-35.71289 2.21686,-5.67918 1.97487,-12.19901 -0.85742,-17.4043 a 9.9192648,9.9192648 0 0 0 -0.008,-0.0156 c -2.45806,-4.49962 -3.32779,-10.47388 -4.88477,-18.16211 -4.47001,-22.06232 -10.67008,-42.8995 -13.02734,-63.54688 -2.33199,-20.41881 -11.34051,-37.99345 -26.02344,-51.96679 l -0.002,-0.004 c -3.86433,-3.68118 -7.63948,-8.17856 -11.81836,-12.9043 a 9.9192648,9.9192648 0 0 0 0,-0.002 c -0.10673,-0.12065 -0.10813,-0.1459 -0.19727,-0.25391 1.10778,-2.86014 1.11615,-5.69026 0.82422,-7.57031 -0.35727,-2.30087 -0.93526,-3.74552 -1.17578,-4.50977 a 9.9192648,9.9192648 0 0 0 -0.0117,-0.0351 c -2.06786,-6.48929 -5.52792,-11.45858 -8.54883,-15.65039 -4.65281,-6.46826 -8.93405,-10.99695 -10.01953,-13.92578 a 9.9192648,9.9192648 0 0 0 -0.004,-0.01 c -3.62405,-9.74499 -11.13043,-14.90747 -16.39257,-18.53516 l -0.006,-0.004 c -0.98278,-0.67887 -2.12776,-1.55606 -3.51172,-2.56055 a 9.9192648,9.9192648 0 0 0 -0.0195,-0.0137 c -2.88092,-2.08029 -2.81154,-1.70439 -2.62891,-4.06641 a 9.9192648,9.9192648 0 0 0 0,-0.008 c 0.15138,-1.9811 0.31166,-4.62106 -0.57226,-7.91797 -0.52105,-1.94343 -1.68332,-4.14197 -3.30469,-6.10937 10.55936,-12.95197 16.01432,-26.12744 25.56445,-33.07813 a 9.9192648,9.9192648 0 0 0 0.0117,-0.008 c 4.66071,-3.40166 6.24929,-7.09278 7.37695,-8.73828 l 0.01,-0.0137 c 3.63732,-5.27245 7.45697,-10.7085 11.04492,-16.54688 a 9.9192648,9.9192648 0 0 0 0.002,-0.004 c 3.43168,-5.58812 6.78064,-7.65604 13.64063,-8.69336 37.87385,-5.72653 75.34647,-13.60761 112.28906,-23.98633 a 9.9192648,9.9192648 0 0 0 0.004,0 c 18.39941,-5.17452 37.48863,-11.18866 54.92578,-22.67383 5.42814,-3.57185 9.83109,-8.60603 11.75976,-14.71289 1.92868,-6.10686 1.2599,-12.5904 -0.85546,-18.60352 -1.56563,-4.44966 -3.82776,-8.15993 -6.09375,-11.36914 a 9.9192648,9.9192648 0 0 0 -0.002,-0.002 c -6.37197,-9.01864 -12.73464,-18.06664 -19.15234,-27.10156 -4.86247,-6.84303 -11.21874,-12.76135 -19.23438,-16.7461 l -0.008,-0.004 c -12.04192,-5.99676 -23.80126,-12.34982 -35.12305,-19.32422 -0.90942,-2.557 -2.41531,-4.99487 -4.14257,-6.2168 -2.86342,-2.025682 -4.90067,-2.189678 -6.07618,-2.408201 a 9.9192648,9.9192648 0 0 0 -0.0312,-0.0059 c -0.0515,-0.0094 -0.18724,0.06471 -1.27734,-1.02539 -3.34689,-3.346891 -7.86788,-5.981733 -13.08594,-6.773438 a 9.9192648,9.9192648 0 0 0 -0.004,0 c -2.16379,-0.32771 -3.57329,-1.188453 -5.9961,-3.728515 l -0.004,-0.0039 c -0.002,-0.0017 -0.002,-0.0022 -0.004,-0.0039 -1.97814,-2.083961 -5.21576,-8.070609 -13.45117,-10.896484 a 9.9192648,9.9192648 0 0 0 -0.0156,-0.0059 c -3.83775,-1.30954 -5.35102,-3.546836 -7.82812,-8.984375 a 9.9192648,9.9192648 0 0 0 -0.004,-0.0078 c -2.49001,-5.453866 -4.77512,-11.538828 -7.71875,-17.847656 l -0.002,-0.0039 C 593.89415,39.951257 583.91094,34.257045 573.2168,36.103516 a 9.9192648,9.9192648 0 0 0 -0.002,0 c -12.67223,2.190577 -21.3864,8.063842 -28.7207,9.566406 -5.16961,1.057765 -6.25338,2.492441 -8.11523,6.402344 l 0.0195,-0.04102 c 0.19406,-0.402763 -0.47057,0.124409 -4.08985,2.5625 -6.07156,-9.698484 -13.96522,-18.425518 -24.83789,-24.533203 -12.71707,-7.144031 -27.39474,-14.313445 -44.41601,-14.105469 -0.12824,-0.720337 -0.22744,-1.450283 -0.45703,-2.132812 -1.39693,-4.1527172 -4.06437,-6.9984891 -6.6543,-9.1113285 a 9.9192648,9.9192648 0 0 0 -0.0195,-0.015625 c -1.88167,-1.5269752 -4.71987,-5.57418835 -10.76563,-8.8242187 a 9.9192648,9.9192648 0 0 0 -0.0137,-0.00781 c -3.8638,-2.0689129 -9.91507,-6.3126483 -18.72266,-5.7324219 z m 28.70118,26.3320316 c 0.072,0.008 0.20046,0.08321 0.27929,0.09766 -0.44924,0.0648 -0.8777,0.05885 -1.33007,0.134765 l 0.006,-0.002 c -0.22271,0.03724 0.14226,-0.330996 1.04493,-0.230468 z m -60.28516,36.527343 c -4.42316,6.261613 -8.02824,12.982553 -10.95312,19.962891 -6.01351,14.351133 -10.35607,27.879715 -17.94532,38.634765 a 9.9192648,9.9192648 0 0 0 -0.002,0.002 c -0.61644,0.874 -0.75996,1.01987 -1.25391,1.70508 -0.62787,-0.49777 -0.76875,-0.56519 -1.54882,-1.20117 l -0.004,-0.004 c -6.33321,-5.16915 -12.62588,-10.66981 -18.96484,-16.146481 6.58539,-6.412586 13.129,-12.857818 19.57617,-19.257812 a 9.9192648,9.9192648 0 0 0 0.0117,-0.01172 c 0.51673,-0.514704 0.45257,-0.443426 0.59179,-0.548828 a 9.9192648,9.9192648 0 0 0 0.60157,0.277344 c 5.49052,0.264101 11.4669,-0.888911 15.97656,-4.876953 3.85397,-3.408197 5.69142,-8.030375 6.49414,-12.652344 2.15482,-1.807609 3.94294,-3.480464 5.19531,-4.46875 1.04359,-0.823532 1.65648,-1.200134 2.22461,-1.414063 z m -10.50391,8.34375 c -0.0236,0.01655 -0.0307,0.03027 -0.0547,0.04687 l -0.0234,0.01563 c 0.0316,-0.02172 0.0468,-0.04078 0.0781,-0.0625 z m -22.3164,13.714844 a 9.9192648,9.9192648 0 0 0 1.65234,0.763672 c -0.57924,0.04471 -1.14658,0.161581 -1.46289,0.05273 z m 191.42578,27.500002 c 1.55743,0.62724 3.136,1.23199 4.86719,1.67187 a 9.9192648,9.9192648 0 0 0 0.002,0 c 16.30483,4.14236 28.95866,14.43174 42.10156,26.94141 -0.85214,2.3197 -1.20126,4.96024 -0.78906,7.63867 -20.6918,-6.72898 -36.25028,-17.71937 -46.18164,-36.25195 z m 105.50586,10.00195 c -4.1e-4,0.005 0.006,0.0168 0.006,0.0215 l -0.002,0.0273 c 0.002,-0.0151 -0.005,-0.0337 -0.004,-0.0488 z m -47.07031,52.64258 c 8.02319,2.30818 15.40901,5.20917 21.92382,9.57422 a 9.9192648,9.9192648 0 0 0 0.0195,0.0117 c 1.56607,1.04404 4.42912,2.2507 7.99414,1.51953 0.26275,0.85255 0.48194,1.72933 0.72265,2.59375 -2.78218,0.50418 -5.23927,0.92165 -7.21875,0.98047 -3.76682,0.11193 -5.43479,-0.12647 -8.4414,-3.09961 a 9.9192648,9.9192648 0 0 0 -0.006,-0.004 c -3.41714,-3.37443 -6.80344,-5.44443 -9.24805,-7.20703 a 9.9192648,9.9192648 0 0 0 -0.004,-0.002 c -1.95502,-1.40828 -3.81217,-2.93014 -5.74218,-4.36719 z m 39.01757,12.31836 c -0.009,0.001 -0.0161,0.003 -0.0254,0.004 0.002,-2.1e-4 0.004,-0.002 0.006,-0.002 z m -324.25,156.98047 2.65821,1.85547 -1.72071,1.05078 -1.83007,-2.03321 z m -37.64453,326.81054 0.004,0.0117 c 6.1e-4,0.002 -6.1e-4,0.008 0,0.01 -0.002,-0.007 -0.002,-0.0143 -0.004,-0.0215 z m -47.14062,82.51368 0.01,0.0117 c -0.003,-0.005 0.007,0.0163 0.004,0.0117 -0.005,-0.007 -0.008,-0.0162 -0.0137,-0.0234 z m -1.88477,9.00976 c -0.57997,0.50175 -0.84993,0.38645 -0.33203,0.13867 a 9.9192648,9.9192648 0 0 0 0.0195,-0.01 c 0.0791,-0.0381 0.22792,-0.0904 0.3125,-0.12891 z m -73.7832,13.86719 c -0.34423,0.3927 -0.57487,0.78724 -0.89453,1.18164 0.18693,-0.33039 0.57691,-0.77464 0.89453,-1.18164 z m -1.39649,2.43945 c 0.0163,0.16094 0.061,0.67447 0.0645,0.76563 0.009,0.23232 -0.21911,-0.0392 -0.0645,-0.76563 z m 63.90821,7.34961 c 0.0251,-0.006 -0.0167,0.006 0.01,0 l -0.0215,0.004 c 0.004,-8.6e-4 0.008,-0.003 0.0117,-0.004 z"
       style="fill:#ff0000" />
  </g>
</svg>
